0.000000 2.000000 1.500000
0.010000 1.990196 1.514563
0.020000 1.980299 1.528416
0.030000 1.970324 1.541578
0.040000 1.960287 1.554066
0.050000 1.950201 1.565898
0.060000 1.940082 1.577091
0.070000 1.929941 1.587663
0.080000 1.919792 1.597633
0.090000 1.909646 1.607016
0.100000 1.899516 1.615830
0.110000 1.889411 1.624093
0.120000 1.879342 1.631821
0.130000 1.869319 1.639030
0.140000 1.859352 1.645738
0.150000 1.849448 1.651959
0.160000 1.839617 1.657712
0.170000 1.829865 1.663010
0.180000 1.820201 1.667870
0.190000 1.810631 1.672306
0.200000 1.801162 1.676335
0.210000 1.791799 1.679971
0.220000 1.782548 1.683228
0.230000 1.773416 1.686121
0.240000 1.764405 1.688664
0.250000 1.755521 1.690870
0.260000 1.746769 1.692753
0.270000 1.738151 1.694326
0.280000 1.729671 1.695602
0.290000 1.721332 1.696595
0.300000 1.713137 1.697315
0.310000 1.705089 1.697776
0.320000 1.697190 1.697989
0.330000 1.689441 1.697966
0.340000 1.681845 1.697717
0.350000 1.674403 1.697255
0.360000 1.667115 1.696590
0.370000 1.659984 1.695731
0.380000 1.653009 1.694690
0.390000 1.646191 1.693476
0.400000 1.639531 1.692099
0.410000 1.633029 1.690568
0.420000 1.626684 1.688892
0.430000 1.620496 1.687080
0.440000 1.614465 1.685140
0.450000 1.608590 1.683082
0.460000 1.602871 1.680912
0.470000 1.597307 1.678639
0.480000 1.591896 1.676270
0.490000 1.586638 1.673813
0.500000 1.581531 1.671274
0.510000 1.576574 1.668660
0.520000 1.571766 1.665978
0.530000 1.567104 1.663234
0.540000 1.562588 1.660434
0.550000 1.558215 1.657584
0.560000 1.553983 1.654690
0.570000 1.549892 1.651757
0.580000 1.545938 1.648790
0.590000 1.542120 1.645794
0.600000 1.538435 1.642774
0.610000 1.534882 1.639735
0.620000 1.531458 1.636681
0.630000 1.528161 1.633617
0.640000 1.524989 1.630545
0.650000 1.521939 1.627471
0.660000 1.519010 1.624397
0.670000 1.516198 1.621327
0.680000 1.513501 1.618265
0.690000 1.510918 1.615214
0.700000 1.508444 1.612176
0.710000 1.506079 1.609155
0.720000 1.503820 1.606153
0.730000 1.501664 1.603172
0.740000 1.499608 1.600216
0.750000 1.497651 1.597285
0.760000 1.495789 1.594383
0.770000 1.494021 1.591512
0.780000 1.492344 1.588672
0.790000 1.490755 1.585866
0.800000 1.489253 1.583096
0.810000 1.487834 1.580363
0.820000 1.486497 1.577668
0.830000 1.485239 1.575012
0.840000 1.484058 1.572398
0.850000 1.482951 1.569825
0.860000 1.481916 1.567294
0.870000 1.480951 1.564808
0.880000 1.480054 1.562365
0.890000 1.479222 1.559968
0.900000 1.478454 1.557616
0.910000 1.477746 1.555310
0.920000 1.477098 1.553051
0.930000 1.476507 1.550839
0.940000 1.475971 1.548674
0.950000 1.475488 1.546556
0.960000 1.475055 1.544486
0.970000 1.474672 1.542464
0.980000 1.474336 1.540490
0.990000 1.474045 1.538563
1.000000 1.473798 1.536684
1.010000 1.473593 1.534852
1.020000 1.473427 1.533068
1.030000 1.473300 1.531331
1.040000 1.473209 1.529640
1.050000 1.473153 1.527997
1.060000 1.473131 1.526399
1.070000 1.473140 1.524848
1.080000 1.473179 1.523342
1.090000 1.473247 1.521881
1.100000 1.473343 1.520464
1.110000 1.473464 1.519092
1.120000 1.473610 1.517763
1.130000 1.473780 1.516477
1.140000 1.473971 1.515233
1.150000 1.474182 1.514031
1.160000 1.474413 1.512871
1.170000 1.474663 1.511751
1.180000 1.474929 1.510670
1.190000 1.475211 1.509629
1.200000 1.475509 1.508627
1.210000 1.475820 1.507662
1.220000 1.476144 1.506735
1.230000 1.476479 1.505844
1.240000 1.476826 1.504989
1.250000 1.477183 1.504168
1.260000 1.477548 1.503382
1.270000 1.477922 1.502630
1.280000 1.478303 1.501910
1.290000 1.478691 1.501223
1.300000 1.479085 1.500566
1.310000 1.479484 1.499941
1.320000 1.479888 1.499345
1.330000 1.480295 1.498778
1.340000 1.480705 1.498240
1.350000 1.481118 1.497729
1.360000 1.481533 1.497245
1.370000 1.481949 1.496788
1.380000 1.482366 1.496355
1.390000 1.482783 1.495948
1.400000 1.483200 1.495565
1.410000 1.483617 1.495204
1.420000 1.484032 1.494867
1.430000 1.484446 1.494551
1.440000 1.484857 1.494257
1.450000 1.485267 1.493983
1.460000 1.485674 1.493729
1.470000 1.486078 1.493495
1.480000 1.486478 1.493279
1.490000 1.486875 1.493081
1.500000 1.487268 1.492900
1.510000 1.487657 1.492736
1.520000 1.488041 1.492588
1.530000 1.488421 1.492455
1.540000 1.488796 1.492338
1.550000 1.489166 1.492235
1.560000 1.489531 1.492145
1.570000 1.489890 1.492069
1.580000 1.490244 1.492006
1.590000 1.490592 1.491955
1.600000 1.490934 1.491915
1.610000 1.491270 1.491886
1.620000 1.491601 1.491868
1.630000 1.491925 1.491861
1.640000 1.492243 1.491862
1.650000 1.492554 1.491873
1.660000 1.492860 1.491893
1.670000 1.493159 1.491921
1.680000 1.493451 1.491957
1.690000 1.493737 1.492001
1.700000 1.494017 1.492052
1.710000 1.494290 1.492109
1.720000 1.494557 1.492172
1.730000 1.494817 1.492242
1.740000 1.495071 1.492317
1.750000 1.495318 1.492397
1.760000 1.495559 1.492482
1.770000 1.495793 1.492572
1.780000 1.496022 1.492666
1.790000 1.496243 1.492763
1.800000 1.496459 1.492865
1.810000 1.496668 1.492969
1.820000 1.496872 1.493077
1.830000 1.497069 1.493188
1.840000 1.497260 1.493301
1.850000 1.497445 1.493416
1.860000 1.497624 1.493533
1.870000 1.497797 1.493652
1.880000 1.497965 1.493773
1.890000 1.498127 1.493895
1.900000 1.498283 1.494019
1.910000 1.498434 1.494143
1.920000 1.498580 1.494268
1.930000 1.498720 1.494393
1.940000 1.498855 1.494519
1.950000 1.498985 1.494646
1.960000 1.499110 1.494772
1.970000 1.499230 1.494898
1.980000 1.499345 1.495025
1.990000 1.499455 1.495150
2.000000 1.499561 1.495276
2.010000 1.499662 1.495401
2.020000 1.499759 1.495525
2.030000 1.499852 1.495648
2.040000 1.499940 1.495770
2.050000 1.500024 1.495892
2.060000 1.500104 1.496012
2.070000 1.500180 1.496131
2.080000 1.500253 1.496249
2.090000 1.500321 1.496366
2.100000 1.500386 1.496481
2.110000 1.500448 1.496595
2.120000 1.500506 1.496707
2.130000 1.500560 1.496818
2.140000 1.500612 1.496927
2.150000 1.500660 1.497034
2.160000 1.500705 1.497140
2.170000 1.500747 1.497244
2.180000 1.500787 1.497346
2.190000 1.500823 1.497446
2.200000 1.500857 1.497544
2.210000 1.500889 1.497641
2.220000 1.500918 1.497735
2.230000 1.500944 1.497828
2.240000 1.500968 1.497919
2.250000 1.500990 1.498008
2.260000 1.501009 1.498094
2.270000 1.501027 1.498179
2.280000 1.501043 1.498262
2.290000 1.501056 1.498343
2.300000 1.501068 1.498422
2.310000 1.501078 1.498499
2.320000 1.501086 1.498574
2.330000 1.501093 1.498648
2.340000 1.501098 1.498719
2.350000 1.501102 1.498788
2.360000 1.501104 1.498856
2.370000 1.501105 1.498921
2.380000 1.501104 1.498985
2.390000 1.501102 1.499046
2.400000 1.501099 1.499106
2.410000 1.501095 1.499164
2.420000 1.501090 1.499221
2.430000 1.501084 1.499275
2.440000 1.501077 1.499328
2.450000 1.501069 1.499379
2.460000 1.501060 1.499428
2.470000 1.501051 1.499475
2.480000 1.501041 1.499521
2.490000 1.501030 1.499566
2.500000 1.501018 1.499608
2.510000 1.501006 1.499649
2.520000 1.500993 1.499689
2.530000 1.500979 1.499727
2.540000 1.500966 1.499763
2.550000 1.500951 1.499798
2.560000 1.500937 1.499832
2.570000 1.500921 1.499864
2.580000 1.500906 1.499895
2.590000 1.500890 1.499924
2.600000 1.500874 1.499952
2.610000 1.500858 1.499979
2.620000 1.500842 1.500005
2.630000 1.500825 1.500029
2.640000 1.500808 1.500052
2.650000 1.500792 1.500074
2.660000 1.500775 1.500095
2.670000 1.500758 1.500115
2.680000 1.500740 1.500134
2.690000 1.500723 1.500151
2.700000 1.500706 1.500168
2.710000 1.500689 1.500184
2.720000 1.500672 1.500199
2.730000 1.500655 1.500212
2.740000 1.500638 1.500225
2.750000 1.500621 1.500237
2.760000 1.500604 1.500248
2.770000 1.500587 1.500259
2.780000 1.500571 1.500268
2.790000 1.500554 1.500277
2.800000 1.500538 1.500285
2.810000 1.500522 1.500293
2.820000 1.500506 1.500299
2.830000 1.500490 1.500305
2.840000 1.500474 1.500311
2.850000 1.500459 1.500315
2.860000 1.500444 1.500320
2.870000 1.500429 1.500323
2.880000 1.500414 1.500326
2.890000 1.500400 1.500329
2.900000 1.500385 1.500331
2.910000 1.500371 1.500333
2.920000 1.500358 1.500334
2.930000 1.500344 1.500334
2.940000 1.500331 1.500335
2.950000 1.500318 1.500335
2.960000 1.500305 1.500334
2.970000 1.500292 1.500333
2.980000 1.500280 1.500332
2.990000 1.500268 1.500330
3.000000 1.500256 1.500329
3.010000 1.500245 1.500327


0.000000 1.000000 1.500000
0.010000 1.009804 1.485437
0.020000 1.019701 1.471584
0.030000 1.029676 1.458422
0.040000 1.039713 1.445934
0.050000 1.049799 1.434102
0.060000 1.059918 1.422909
0.070000 1.070059 1.412337
0.080000 1.080208 1.402367
0.090000 1.090354 1.392984
0.100000 1.100484 1.384170
0.110000 1.110589 1.375907
0.120000 1.120658 1.368179
0.130000 1.130681 1.360970
0.140000 1.140648 1.354262
0.150000 1.150552 1.348041
0.160000 1.160383 1.342288
0.170000 1.170135 1.336990
0.180000 1.179799 1.332130
0.190000 1.189369 1.327694
0.200000 1.198838 1.323665
0.210000 1.208201 1.320029
0.220000 1.217452 1.316772
0.230000 1.226584 1.313879
0.240000 1.235595 1.311336
0.250000 1.244479 1.309130
0.260000 1.253231 1.307247
0.270000 1.261849 1.305674
0.280000 1.270329 1.304398
0.290000 1.278668 1.303405
0.300000 1.286863 1.302685
0.310000 1.294911 1.302224
0.320000 1.302810 1.302011
0.330000 1.310559 1.302034
0.340000 1.318155 1.302283
0.350000 1.325597 1.302745
0.360000 1.332885 1.303410
0.370000 1.340016 1.304269
0.380000 1.346991 1.305310
0.390000 1.353809 1.306524
0.400000 1.360469 1.307901
0.410000 1.366971 1.309432
0.420000 1.373316 1.311108
0.430000 1.379504 1.312920
0.440000 1.385535 1.314860
0.450000 1.391410 1.316918
0.460000 1.397129 1.319088
0.470000 1.402693 1.321361
0.480000 1.408104 1.323730
0.490000 1.413362 1.326187
0.500000 1.418469 1.328726
0.510000 1.423426 1.331340
0.520000 1.428234 1.334022
0.530000 1.432896 1.336766
0.540000 1.437412 1.339566
0.550000 1.441785 1.342416
0.560000 1.446017 1.345310
0.570000 1.450108 1.348243
0.580000 1.454062 1.351210
0.590000 1.457880 1.354206
0.600000 1.461565 1.357226
0.610000 1.465118 1.360265
0.620000 1.468542 1.363319
0.630000 1.471839 1.366383
0.640000 1.475011 1.369455
0.650000 1.478061 1.372529
0.660000 1.480990 1.375603
0.670000 1.483802 1.378673
0.680000 1.486499 1.381735
0.690000 1.489082 1.384786
0.700000 1.491556 1.387824
0.710000 1.493921 1.390845
0.720000 1.496180 1.393847
0.730000 1.498336 1.396828
0.740000 1.500392 1.399784
0.750000 1.502349 1.402715
0.760000 1.504211 1.405617
0.770000 1.505979 1.408488
0.780000 1.507656 1.411328
0.790000 1.509245 1.414134
0.800000 1.510747 1.416904
0.810000 1.512166 1.419637
0.820000 1.513503 1.422332
0.830000 1.514761 1.424988
0.840000 1.515942 1.427602
0.850000 1.517049 1.430175
0.860000 1.518084 1.432706
0.870000 1.519049 1.435192
0.880000 1.519946 1.437635
0.890000 1.520778 1.440032
0.900000 1.521546 1.442384
0.910000 1.522254 1.444690
0.920000 1.522902 1.446949
0.930000 1.523493 1.449161
0.940000 1.524029 1.451326
0.950000 1.524512 1.453444
0.960000 1.524945 1.455514
0.970000 1.525328 1.457536
0.980000 1.525664 1.459510
0.990000 1.525955 1.461437
1.000000 1.526202 1.463316
1.010000 1.526407 1.465148
1.020000 1.526573 1.466932
1.030000 1.526700 1.468669
1.040000 1.526791 1.470360
1.050000 1.526847 1.472003
1.060000 1.526869 1.473601
1.070000 1.526860 1.475152
1.080000 1.526821 1.476658
1.090000 1.526753 1.478119
1.100000 1.526657 1.479536
1.110000 1.526536 1.480908
1.120000 1.526390 1.482237
1.130000 1.526220 1.483523
1.140000 1.526029 1.484767
1.150000 1.525818 1.485969
1.160000 1.525587 1.487129
1.170000 1.525337 1.488249
1.180000 1.525071 1.489330
1.190000 1.524789 1.490371
1.200000 1.524491 1.491373
1.210000 1.524180 1.492338
1.220000 1.523856 1.493265
1.230000 1.523521 1.494156
1.240000 1.523174 1.495011
1.250000 1.522817 1.495832
1.260000 1.522452 1.496618
1.270000 1.522078 1.497370
1.280000 1.521697 1.498090
1.290000 1.521309 1.498777
1.300000 1.520915 1.499434
1.310000 1.520516 1.500059
1.320000 1.520112 1.500655
1.330000 1.519705 1.501222
1.340000 1.519295 1.501760
1.350000 1.518882 1.502271
1.360000 1.518467 1.502755
1.370000 1.518051 1.503212
1.380000 1.517634 1.503645
1.390000 1.517217 1.504052
1.400000 1.516800 1.504435
1.410000 1.516383 1.504796
1.420000 1.515968 1.505133
1.430000 1.515554 1.505449
1.440000 1.515143 1.505743
1.450000 1.514733 1.506017
1.460000 1.514326 1.506271
1.470000 1.513922 1.506505
1.480000 1.513522 1.506721
1.490000 1.513125 1.506919
1.500000 1.512732 1.507100
1.510000 1.512343 1.507264
1.520000 1.511959 1.507412
1.530000 1.511579 1.507545
1.540000 1.511204 1.507662
1.550000 1.510834 1.507765
1.560000 1.510469 1.507855
1.570000 1.510110 1.507931
1.580000 1.509756 1.507994
1.590000 1.509408 1.508045
1.600000 1.509066 1.508085
1.610000 1.508730 1.508114
1.620000 1.508399 1.508132
1.630000 1.508075 1.508139
1.640000 1.507757 1.508138
1.650000 1.507446 1.508127
1.660000 1.507140 1.508107
1.670000 1.506841 1.508079
1.680000 1.506549 1.508043
1.690000 1.506263 1.507999
1.700000 1.505983 1.507948
1.710000 1.505710 1.507891
1.720000 1.505443 1.507828
1.730000 1.505183 1.507758
1.740000 1.504929 1.507683
1.750000 1.504682 1.507603
1.760000 1.504441 1.507518
1.770000 1.504207 1.507428
1.780000 1.503978 1.507334
1.790000 1.503757 1.507237
1.800000 1.503541 1.507135
1.810000 1.503332 1.507031
1.820000 1.503128 1.506923
1.830000 1.502931 1.506812
1.840000 1.502740 1.506699
1.850000 1.502555 1.506584
1.860000 1.502376 1.506467
1.870000 1.502203 1.506348
1.880000 1.502035 1.506227
1.890000 1.501873 1.506105
1.900000 1.501717 1.505981
1.910000 1.501566 1.505857
1.920000 1.501420 1.505732
1.930000 1.501280 1.505607
1.940000 1.501145 1.505481
1.950000 1.501015 1.505354
1.960000 1.500890 1.505228
1.970000 1.500770 1.505102
1.980000 1.500655 1.504975
1.990000 1.500545 1.504850
2.000000 1.500439 1.504724
2.010000 1.500338 1.504599
2.020000 1.500241 1.504475
2.030000 1.500148 1.504352
2.040000 1.500060 1.504230
2.050000 1.499976 1.504108
2.060000 1.499896 1.503988
2.070000 1.499820 1.503869
2.080000 1.499747 1.503751
2.090000 1.499679 1.503634
2.100000 1.499614 1.503519
2.110000 1.499552 1.503405
2.120000 1.499494 1.503293
2.130000 1.499440 1.503182
2.140000 1.499388 1.503073
2.150000 1.499340 1.502966
2.160000 1.499295 1.502860
2.170000 1.499253 1.502756
2.180000 1.499213 1.502654
2.190000 1.499177 1.502554
2.200000 1.499143 1.502456
2.210000 1.499111 1.502359
2.220000 1.499082 1.502265
2.230000 1.499056 1.502172
2.240000 1.499032 1.502081
2.250000 1.499010 1.501992
2.260000 1.498991 1.501906
2.270000 1.498973 1.501821
2.280000 1.498957 1.501738
2.290000 1.498944 1.501657
2.300000 1.498932 1.501578
2.310000 1.498922 1.501501
2.320000 1.498914 1.501426
2.330000 1.498907 1.501352
2.340000 1.498902 1.501281
2.350000 1.498898 1.501212
2.360000 1.498896 1.501144
2.370000 1.498895 1.501079
2.380000 1.498896 1.501015
2.390000 1.498898 1.500954
2.400000 1.498901 1.500894
2.410000 1.498905 1.500836
2.420000 1.498910 1.500779
2.430000 1.498916 1.500725
2.440000 1.498923 1.500672
2.450000 1.498931 1.500621
2.460000 1.498940 1.500572
2.470000 1.498949 1.500525
2.480000 1.498959 1.500479
2.490000 1.498970 1.500434
2.500000 1.498982 1.500392
2.510000 1.498994 1.500351
2.520000 1.499007 1.500311
2.530000 1.499021 1.500273
2.540000 1.499034 1.500237
2.550000 1.499049 1.500202
2.560000 1.499063 1.500168
2.570000 1.499079 1.500136
2.580000 1.499094 1.500105
2.590000 1.499110 1.500076
2.600000 1.499126 1.500048
2.610000 1.499142 1.500021
2.620000 1.499158 1.499995
2.630000 1.499175 1.499971
2.640000 1.499192 1.499948
2.650000 1.499208 1.499926
2.660000 1.499225 1.499905
2.670000 1.499242 1.499885
2.680000 1.499260 1.499866
2.690000 1.499277 1.499849
2.700000 1.499294 1.499832
2.710000 1.499311 1.499816
2.720000 1.499328 1.499801
2.730000 1.499345 1.499788
2.740000 1.499362 1.499775
2.750000 1.499379 1.499763
2.760000 1.499396 1.499752
2.770000 1.499413 1.499741
2.780000 1.499429 1.499732
2.790000 1.499446 1.499723
2.800000 1.499462 1.499715
2.810000 1.499478 1.499707
2.820000 1.499494 1.499701
2.830000 1.499510 1.499695
2.840000 1.499526 1.499689
2.850000 1.499541 1.499685
2.860000 1.499556 1.499680
2.870000 1.499571 1.499677
2.880000 1.499586 1.499674
2.890000 1.499600 1.499671
2.900000 1.499615 1.499669
2.910000 1.499629 1.499667
2.920000 1.499642 1.499666
2.930000 1.499656 1.499666
2.940000 1.499669 1.499665
2.950000 1.499682 1.499665
2.960000 1.499695 1.499666
2.970000 1.499708 1.499667
2.980000 1.499720 1.499668
2.990000 1.499732 1.499670
3.000000 1.499744 1.499671
3.010000 1.499755 1.499673


0.000000 1.500000 2.000000
0.010000 1.490196 1.985437
0.020000 1.480870 1.971012
0.030000 1.472010 1.956736
0.040000 1.463603 1.942618
0.050000 1.455638 1.928666
0.060000 1.448102 1.914889
0.070000 1.440985 1.901293
0.080000 1.434273 1.887886
0.090000 1.427957 1.874674
0.100000 1.422023 1.861663
0.110000 1.416460 1.848858
0.120000 1.411258 1.836264
0.130000 1.406405 1.823885
0.140000 1.401889 1.811725
0.150000 1.397701 1.799788
0.160000 1.393828 1.788077
0.170000 1.390261 1.776594
0.180000 1.386990 1.765342
0.190000 1.384003 1.754322
0.200000 1.381291 1.743536
0.210000 1.378843 1.732985
0.220000 1.376650 1.722670
0.230000 1.374703 1.712592
0.240000 1.372991 1.702750
0.250000 1.371506 1.693146
0.260000 1.370238 1.683778
0.270000 1.369179 1.674645
0.280000 1.368320 1.665748
0.290000 1.367652 1.657085
0.300000 1.367167 1.648655
0.310000 1.366857 1.640457
0.320000 1.366713 1.632488
0.330000 1.366729 1.624747
0.340000 1.366896 1.617232
0.350000 1.367207 1.609940
0.360000 1.367655 1.602870
0.370000 1.368233 1.596019
0.380000 1.368934 1.589385
0.390000 1.369752 1.582964
0.400000 1.370679 1.576754
0.410000 1.371709 1.570752
0.420000 1.372838 1.564954
0.430000 1.374057 1.559359
0.440000 1.375363 1.553962
0.450000 1.376749 1.548760
0.460000 1.378209 1.543750
0.470000 1.379740 1.538928
0.480000 1.381334 1.534292
0.490000 1.382989 1.529836
0.500000 1.384698 1.525559
0.510000 1.386458 1.521457
0.520000 1.388263 1.517525
0.530000 1.390111 1.513760
0.540000 1.391996 1.510158
0.550000 1.393914 1.506717
0.560000 1.395862 1.503431
0.570000 1.397837 1.500298
0.580000 1.399834 1.497314
0.590000 1.401851 1.494475
0.600000 1.403884 1.491777
0.610000 1.405930 1.489217
0.620000 1.407986 1.486791
0.630000 1.410049 1.484496
0.640000 1.412117 1.482327
0.650000 1.414186 1.480282
0.660000 1.416256 1.478357
0.670000 1.418322 1.476548
0.680000 1.420384 1.474853
0.690000 1.422438 1.473266
0.700000 1.424483 1.471786
0.710000 1.426517 1.470408
0.720000 1.428538 1.469129
0.730000 1.430544 1.467947
0.740000 1.432535 1.466858
0.750000 1.434507 1.465858
0.760000 1.436461 1.464945
0.770000 1.438394 1.464115
0.780000 1.440306 1.463366
0.790000 1.442195 1.462695
0.800000 1.444059 1.462097
0.810000 1.445900 1.461572
0.820000 1.447714 1.461116
0.830000 1.449501 1.460725
0.840000 1.451262 1.460398
0.850000 1.452994 1.460132
0.860000 1.454697 1.459924
0.870000 1.456371 1.459772
0.880000 1.458016 1.459673
0.890000 1.459630 1.459625
0.900000 1.461213 1.459625
0.910000 1.462765 1.459671
0.920000 1.464286 1.459761
0.930000 1.465775 1.459893
0.940000 1.467233 1.460064
0.950000 1.468658 1.460273
0.960000 1.470052 1.460517
0.970000 1.471413 1.460795
0.980000 1.472742 1.461104
0.990000 1.474039 1.461443
1.000000 1.475305 1.461810
1.010000 1.476538 1.462203
1.020000 1.477739 1.462621
1.030000 1.478908 1.463061
1.040000 1.480046 1.463523
1.050000 1.481152 1.464004
1.060000 1.482228 1.464503
1.070000 1.483272 1.465020
1.080000 1.484286 1.465551
1.090000 1.485270 1.466097
1.100000 1.486223 1.466655
1.110000 1.487147 1.467225
1.120000 1.488042 1.467806
1.130000 1.488908 1.468395
1.140000 1.489745 1.468992
1.150000 1.490554 1.469597
1.160000 1.491335 1.470207
1.170000 1.492089 1.470823
1.180000 1.492817 1.471442
1.190000 1.493517 1.472065
1.200000 1.494192 1.472689
1.210000 1.494842 1.473316
1.220000 1.495466 1.473943
1.230000 1.496066 1.474570
1.240000 1.496642 1.475196
1.250000 1.497194 1.475820
1.260000 1.497723 1.476443
1.270000 1.498230 1.477063
1.280000 1.498714 1.477679
1.290000 1.499177 1.478292
1.300000 1.499619 1.478900
1.310000 1.500040 1.479504
1.320000 1.500441 1.480102
1.330000 1.500823 1.480694
1.340000 1.501185 1.481280
1.350000 1.501529 1.481860
1.360000 1.501854 1.482433
1.370000 1.502163 1.482999
1.380000 1.502453 1.483557
1.390000 1.502728 1.484107
1.400000 1.502986 1.484650
1.410000 1.503228 1.485184
1.420000 1.503456 1.485709
1.430000 1.503668 1.486226
1.440000 1.503866 1.486734
1.450000 1.504051 1.487233
1.460000 1.504221 1.487723
1.470000 1.504379 1.488204
1.480000 1.504525 1.488675
1.490000 1.504658 1.489136
1.500000 1.504780 1.489588
1.510000 1.504890 1.490031
1.520000 1.504990 1.490464
1.530000 1.505079 1.490887
1.540000 1.505158 1.491300
1.550000 1.505228 1.491704
1.560000 1.505288 1.492098
1.570000 1.505339 1.492482
1.580000 1.505382 1.492856
1.590000 1.505416 1.493221
1.600000 1.505443 1.493576
1.610000 1.505462 1.493922
1.620000 1.505474 1.494258
1.630000 1.505480 1.494585
1.640000 1.505478 1.494902
1.650000 1.505471 1.495210
1.660000 1.505457 1.495509
1.670000 1.505438 1.495799
1.680000 1.505414 1.496080
1.690000 1.505385 1.496351
1.700000 1.505351 1.496615
1.710000 1.505312 1.496869
1.720000 1.505270 1.497115
1.730000 1.505223 1.497352
1.740000 1.505172 1.497582
1.750000 1.505118 1.497803
1.760000 1.505061 1.498016
1.770000 1.505001 1.498221
1.780000 1.504938 1.498418
1.790000 1.504872 1.498608
1.800000 1.504804 1.498791
1.810000 1.504733 1.498966
1.820000 1.504661 1.499134
1.830000 1.504586 1.499295
1.840000 1.504510 1.499449
1.850000 1.504432 1.499596
1.860000 1.504353 1.499737
1.870000 1.504273 1.499872
1.880000 1.504192 1.500000
1.890000 1.504110 1.500122
1.900000 1.504027 1.500238
1.910000 1.503943 1.500348
1.920000 1.503859 1.500453
1.930000 1.503774 1.500552
1.940000 1.503690 1.500646
1.950000 1.503605 1.500735
1.960000 1.503519 1.500818
1.970000 1.503434 1.500897
1.980000 1.503349 1.500971
1.990000 1.503265 1.501040
2.000000 1.503180 1.501105
2.010000 1.503096 1.501166
2.020000 1.503013 1.501222
2.030000 1.502930 1.501274
2.040000 1.502847 1.501322
2.050000 1.502766 1.501367
2.060000 1.502685 1.501407
2.070000 1.502604 1.501445
2.080000 1.502525 1.501478
2.090000 1.502446 1.501509
2.100000 1.502369 1.501536
2.110000 1.502292 1.501560
2.120000 1.502217 1.501582
2.130000 1.502142 1.501600
2.140000 1.502069 1.501616
2.150000 1.501997 1.501629
2.160000 1.501926 1.501640
2.170000 1.501856 1.501648
2.180000 1.501787 1.501654
2.190000 1.501719 1.501658
2.200000 1.501653 1.501660
2.210000 1.501588 1.501660
2.220000 1.501525 1.501658
2.230000 1.501462 1.501654
2.240000 1.501401 1.501648
2.250000 1.501341 1.501641
2.260000 1.501283 1.501632
2.270000 1.501226 1.501622
2.280000 1.501170 1.501611
2.290000 1.501115 1.501598
2.300000 1.501062 1.501584
2.310000 1.501010 1.501568
2.320000 1.500960 1.501552
2.330000 1.500910 1.501535
2.340000 1.500862 1.501517
2.350000 1.500816 1.501498
2.360000 1.500770 1.501478
2.370000 1.500726 1.501457
2.380000 1.500684 1.501436
2.390000 1.500642 1.501414
2.400000 1.500602 1.501392
2.410000 1.500563 1.501369
2.420000 1.500525 1.501345
2.430000 1.500488 1.501321
2.440000 1.500453 1.501297
2.450000 1.500418 1.501272
2.460000 1.500385 1.501247
2.470000 1.500353 1.501222
2.480000 1.500322 1.501197
2.490000 1.500292 1.501172
2.500000 1.500264 1.501146
2.510000 1.500236 1.501120
2.520000 1.500210 1.501094
2.530000 1.500184 1.501069
2.540000 1.500159 1.501043
2.550000 1.500136 1.501017
2.560000 1.500113 1.500992
2.570000 1.500092 1.500966
2.580000 1.500071 1.500940
2.590000 1.500051 1.500915
2.600000 1.500032 1.500890
2.610000 1.500014 1.500865
2.620000 1.499997 1.500840
2.630000 1.499980 1.500816
2.640000 1.499965 1.500791
2.650000 1.499950 1.500767
2.660000 1.499936 1.500743
2.670000 1.499923 1.500720
2.680000 1.499910 1.500697
2.690000 1.499898 1.500674
2.700000 1.499887 1.500651
2.710000 1.499876 1.500629
2.720000 1.499866 1.500607
2.730000 1.499857 1.500585
2.740000 1.499848 1.500564
2.750000 1.499840 1.500543
2.760000 1.499833 1.500523
2.770000 1.499826 1.500503
2.780000 1.499819 1.500483
2.790000 1.499813 1.500464
2.800000 1.499808 1.500445
2.810000 1.499803 1.500426
2.820000 1.499799 1.500408
2.830000 1.499794 1.500390
2.840000 1.499791 1.500373
2.850000 1.499788 1.500356
2.860000 1.499785 1.500339
2.870000 1.499782 1.500323
2.880000 1.499780 1.500308
2.890000 1.499779 1.500292
2.900000 1.499777 1.500277
2.910000 1.499776 1.500263
2.920000 1.499775 1.500249
2.930000 1.499775 1.500235
2.940000 1.499775 1.500221
2.950000 1.499775 1.500208
2.960000 1.499775 1.500196
2.970000 1.499776 1.500183
2.980000 1.499777 1.500172
2.990000 1.499778 1.500160
3.000000 1.499779 1.500149
3.010000 1.499780 1.500138


0.000000 1.500000 1.000000
0.010000 1.509804 1.014563
0.020000 1.519130 1.028988
0.030000 1.527990 1.043264
0.040000 1.536397 1.057382
0.050000 1.544362 1.071334
0.060000 1.551898 1.085111
0.070000 1.559015 1.098707
0.080000 1.565727 1.112114
0.090000 1.572043 1.125326
0.100000 1.577977 1.138337
0.110000 1.583540 1.151142
0.120000 1.588742 1.163736
0.130000 1.593595 1.176115
0.140000 1.598111 1.188275
0.150000 1.602299 1.200212
0.160000 1.606172 1.211923
0.170000 1.609739 1.223406
0.180000 1.613010 1.234658
0.190000 1.615997 1.245678
0.200000 1.618709 1.256464
0.210000 1.621157 1.267015
0.220000 1.623350 1.277330
0.230000 1.625297 1.287408
0.240000 1.627009 1.297250
0.250000 1.628494 1.306854
0.260000 1.629762 1.316222
0.270000 1.630821 1.325355
0.280000 1.631680 1.334252
0.290000 1.632348 1.342915
0.300000 1.632833 1.351345
0.310000 1.633143 1.359543
0.320000 1.633287 1.367512
0.330000 1.633271 1.375253
0.340000 1.633104 1.382768
0.350000 1.632793 1.390060
0.360000 1.632345 1.397130
0.370000 1.631767 1.403981
0.380000 1.631066 1.410615
0.390000 1.630248 1.417036
0.400000 1.629321 1.423246
0.410000 1.628291 1.429248
0.420000 1.627162 1.435046
0.430000 1.625943 1.440641
0.440000 1.624637 1.446038
0.450000 1.623251 1.451240
0.460000 1.621791 1.456250
0.470000 1.620260 1.461072
0.480000 1.618666 1.465708
0.490000 1.617011 1.470164
0.500000 1.615302 1.474441
0.510000 1.613542 1.478543
0.520000 1.611737 1.482475
0.530000 1.609889 1.486240
0.540000 1.608004 1.489842
0.550000 1.606086 1.493283
0.560000 1.604138 1.496569
0.570000 1.602163 1.499702
0.580000 1.600166 1.502686
0.590000 1.598149 1.505525
0.600000 1.596116 1.508223
0.610000 1.594070 1.510783
0.620000 1.592014 1.513209
0.630000 1.589951 1.515504
0.640000 1.587883 1.517673
0.650000 1.585814 1.519718
0.660000 1.583744 1.521643
0.670000 1.581678 1.523452
0.680000 1.579616 1.525147
0.690000 1.577562 1.526734
0.700000 1.575517 1.528214
0.710000 1.573483 1.529592
0.720000 1.571462 1.530871
0.730000 1.569456 1.532053
0.740000 1.567465 1.533142
0.750000 1.565493 1.534142
0.760000 1.563539 1.535055
0.770000 1.561606 1.535885
0.780000 1.559694 1.536634
0.790000 1.557805 1.537305
0.800000 1.555941 1.537903
0.810000 1.554100 1.538428
0.820000 1.552286 1.538884
0.830000 1.550499 1.539275
0.840000 1.548738 1.539602
0.850000 1.547006 1.539868
0.860000 1.545303 1.540076
0.870000 1.543629 1.540228
0.880000 1.541984 1.540327
0.890000 1.540370 1.540375
0.900000 1.538787 1.540375
0.910000 1.537235 1.540329
0.920000 1.535714 1.540239
0.930000 1.534225 1.540107
0.940000 1.532767 1.539936
0.950000 1.531342 1.539727
0.960000 1.529948 1.539483
0.970000 1.528587 1.539205
0.980000 1.527258 1.538896
0.990000 1.525961 1.538557
1.000000 1.524695 1.538190
1.010000 1.523462 1.537797
1.020000 1.522261 1.537379
1.030000 1.521092 1.536939
1.040000 1.519954 1.536477
1.050000 1.518848 1.535996
1.060000 1.517772 1.535497
1.070000 1.516728 1.534980
1.080000 1.515714 1.534449
1.090000 1.514730 1.533903
1.100000 1.513777 1.533345
1.110000 1.512853 1.532775
1.120000 1.511958 1.532194
1.130000 1.511092 1.531605
1.140000 1.510255 1.531008
1.150000 1.509446 1.530403
1.160000 1.508665 1.529793
1.170000 1.507911 1.529177
1.180000 1.507183 1.528558
1.190000 1.506483 1.527935
1.200000 1.505808 1.527311
1.210000 1.505158 1.526684
1.220000 1.504534 1.526057
1.230000 1.503934 1.525430
1.240000 1.503358 1.524804
1.250000 1.502806 1.524180
1.260000 1.502277 1.523557
1.270000 1.501770 1.522937
1.280000 1.501286 1.522321
1.290000 1.500823 1.521708
1.300000 1.500381 1.521100
1.310000 1.499960 1.520496
1.320000 1.499559 1.519898
1.330000 1.499177 1.519306
1.340000 1.498815 1.518720
1.350000 1.498471 1.518140
1.360000 1.498146 1.517567
1.370000 1.497837 1.517001
1.380000 1.497547 1.516443
1.390000 1.497272 1.515893
1.400000 1.497014 1.515350
1.410000 1.496772 1.514816
1.420000 1.496544 1.514291
1.430000 1.496332 1.513774
1.440000 1.496134 1.513266
1.450000 1.495949 1.512767
1.460000 1.495779 1.512277
1.470000 1.495621 1.511796
1.480000 1.495475 1.511325
1.490000 1.495342 1.510864
1.500000 1.495220 1.510412
1.510000 1.495110 1.509969
1.520000 1.495010 1.509536
1.530000 1.494921 1.509113
1.540000 1.494842 1.508700
1.550000 1.494772 1.508296
1.560000 1.494712 1.507902
1.570000 1.494661 1.507518
1.580000 1.494618 1.507144
1.590000 1.494584 1.506779
1.600000 1.494557 1.506424
1.610000 1.494538 1.506078
1.620000 1.494526 1.505742
1.630000 1.494520 1.505415
1.640000 1.494522 1.505098
1.650000 1.494529 1.504790
1.660000 1.494543 1.504491
1.670000 1.494562 1.504201
1.680000 1.494586 1.503920
1.690000 1.494615 1.503649
1.700000 1.494649 1.503385
1.710000 1.494688 1.503131
1.720000 1.494730 1.502885
1.730000 1.494777 1.502648
1.740000 1.494828 1.502418
1.750000 1.494882 1.502197
1.760000 1.494939 1.501984
1.770000 1.494999 1.501779
1.780000 1.495062 1.501582
1.790000 1.495128 1.501392
1.800000 1.495196 1.501209
1.810000 1.495267 1.501034
1.820000 1.495339 1.500866
1.830000 1.495414 1.500705
1.840000 1.495490 1.500551
1.850000 1.495568 1.500404
1.860000 1.495647 1.500263
1.870000 1.495727 1.500128
1.880000 1.495808 1.500000
1.890000 1.495890 1.499878
1.900000 1.495973 1.499762
1.910000 1.496057 1.499652
1.920000 1.496141 1.499547
1.930000 1.496226 1.499448
1.940000 1.496310 1.499354
1.950000 1.496395 1.499265
1.960000 1.496481 1.499182
1.970000 1.496566 1.499103
1.980000 1.496651 1.499029
1.990000 1.496735 1.498960
2.000000 1.496820 1.498895
2.010000 1.496904 1.498834
2.020000 1.496987 1.498778
2.030000 1.497070 1.498726
2.040000 1.497153 1.498678
2.050000 1.497234 1.498633
2.060000 1.497315 1.498593
2.070000 1.497396 1.498555
2.080000 1.497475 1.498522
2.090000 1.497554 1.498491
2.100000 1.497631 1.498464
2.110000 1.497708 1.498440
2.120000 1.497783 1.498418
2.130000 1.497858 1.498400
2.140000 1.497931 1.498384
2.150000 1.498003 1.498371
2.160000 1.498074 1.498360
2.170000 1.498144 1.498352
2.180000 1.498213 1.498346
2.190000 1.498281 1.498342
2.200000 1.498347 1.498340
2.210000 1.498412 1.498340
2.220000 1.498475 1.498342
2.230000 1.498538 1.498346
2.240000 1.498599 1.498352
2.250000 1.498659 1.498359
2.260000 1.498717 1.498368
2.270000 1.498774 1.498378
2.280000 1.498830 1.498389
2.290000 1.498885 1.498402
2.300000 1.498938 1.498416
2.310000 1.498990 1.498432
2.320000 1.499040 1.498448
2.330000 1.499090 1.498465
2.340000 1.499138 1.498483
2.350000 1.499184 1.498502
2.360000 1.499230 1.498522
2.370000 1.499274 1.498543
2.380000 1.499316 1.498564
2.390000 1.499358 1.498586
2.400000 1.499398 1.498608
2.410000 1.499437 1.498631
2.420000 1.499475 1.498655
2.430000 1.499512 1.498679
2.440000 1.499547 1.498703
2.450000 1.499582 1.498728
2.460000 1.499615 1.498753
2.470000 1.499647 1.498778
2.480000 1.499678 1.498803
2.490000 1.499708 1.498828
2.500000 1.499736 1.498854
2.510000 1.499764 1.498880
2.520000 1.499790 1.498906
2.530000 1.499816 1.498931
2.540000 1.499841 1.498957
2.550000 1.499864 1.498983
2.560000 1.499887 1.499008
2.570000 1.499908 1.499034
2.580000 1.499929 1.499060
2.590000 1.499949 1.499085
2.600000 1.499968 1.499110
2.610000 1.499986 1.499135
2.620000 1.500003 1.499160
2.630000 1.500020 1.499184
2.640000 1.500035 1.499209
2.650000 1.500050 1.499233
2.660000 1.500064 1.499257
2.670000 1.500077 1.499280
2.680000 1.500090 1.499303
2.690000 1.500102 1.499326
2.700000 1.500113 1.499349
2.710000 1.500124 1.499371
2.720000 1.500134 1.499393
2.730000 1.500143 1.499415
2.740000 1.500152 1.499436
2.750000 1.500160 1.499457
2.760000 1.500167 1.499477
2.770000 1.500174 1.499497
2.780000 1.500181 1.499517
2.790000 1.500187 1.499536
2.800000 1.500192 1.499555
2.810000 1.500197 1.499574
2.820000 1.500201 1.499592
2.830000 1.500206 1.499610
2.840000 1.500209 1.499627
2.850000 1.500212 1.499644
2.860000 1.500215 1.499661
2.870000 1.500218 1.499677
2.880000 1.500220 1.499692
2.890000 1.500221 1.499708
2.900000 1.500223 1.499723
2.910000 1.500224 1.499737
2.920000 1.500225 1.499751
2.930000 1.500225 1.499765
2.940000 1.500225 1.499779
2.950000 1.500225 1.499792
2.960000 1.500225 1.499804
2.970000 1.500224 1.499817
2.980000 1.500223 1.499828
2.990000 1.500222 1.499840
3.000000 1.500221 1.499851
3.010000 1.500220 1.499862


0.000000 2.000000 2.000000
0.010000 1.980392 2.000000
0.020000 1.961169 1.999429
0.030000 1.942334 1.998315
0.040000 1.923889 1.996684
0.050000 1.905839 1.994564
0.060000 1.888184 1.991980
0.070000 1.870926 1.988956
0.080000 1.854065 1.985519
0.090000 1.837603 1.981690
0.100000 1.821538 1.977493
0.110000 1.805871 1.972951
0.120000 1.790600 1.968084
0.130000 1.775724 1.962915
0.140000 1.761241 1.957463
0.150000 1.747149 1.951748
0.160000 1.733445 1.945788
0.170000 1.720127 1.939604
0.180000 1.707191 1.933211
0.190000 1.694634 1.926628
0.200000 1.682452 1.919871
0.210000 1.670642 1.912956
0.220000 1.659199 1.905898
0.230000 1.648118 1.898713
0.240000 1.637396 1.891414
0.250000 1.627027 1.884015
0.260000 1.617007 1.876530
0.270000 1.607330 1.868971
0.280000 1.597991 1.861351
0.290000 1.588984 1.853680
0.300000 1.580304 1.845970
0.310000 1.571946 1.838232
0.320000 1.563903 1.830477
0.330000 1.556170 1.822712
0.340000 1.548741 1.814949
0.350000 1.541610 1.807195
0.360000 1.534771 1.799460
0.370000 1.528217 1.791750
0.380000 1.521943 1.784075
0.390000 1.515943 1.776440
0.400000 1.510210 1.768853
0.410000 1.504738 1.761319
0.420000 1.499521 1.753846
0.430000 1.494553 1.746438
0.440000 1.489828 1.739102
0.450000 1.485339 1.731842
0.460000 1.481081 1.724662
0.470000 1.477047 1.717567
0.480000 1.473231 1.710562
0.490000 1.469627 1.703649
0.500000 1.466229 1.696833
0.510000 1.463032 1.690116
0.520000 1.460029 1.683502
0.530000 1.457215 1.676993
0.540000 1.454583 1.670592
0.550000 1.452129 1.664301
0.560000 1.449846 1.658121
0.570000 1.447729 1.652055
0.580000 1.445772 1.646103
0.590000 1.443971 1.640268
0.600000 1.442319 1.634551
0.610000 1.440812 1.628952
0.620000 1.439444 1.623472
0.630000 1.438210 1.618112
0.640000 1.437106 1.612872
0.650000 1.436126 1.607753
0.660000 1.435266 1.602754
0.670000 1.434520 1.597876
0.680000 1.433885 1.593118
0.690000 1.433355 1.588480
0.700000 1.432927 1.583962
0.710000 1.432596 1.579563
0.720000 1.432358 1.575282
0.730000 1.432208 1.571119
0.740000 1.432143 1.567073
0.750000 1.432158 1.563143
0.760000 1.432250 1.559328
0.770000 1.432415 1.555627
0.780000 1.432650 1.552038
0.790000 1.432950 1.548561
0.800000 1.433312 1.545194
0.810000 1.433734 1.541935
0.820000 1.434211 1.538783
0.830000 1.434741 1.535738
0.840000 1.435319 1.532796
0.850000 1.435945 1.529957
0.860000 1.436613 1.527219
0.870000 1.437322 1.524580
0.880000 1.438069 1.522038
0.890000 1.438852 1.519592
0.900000 1.439666 1.517241
0.910000 1.440511 1.514981
0.920000 1.441384 1.512812
0.930000 1.442282 1.510732
0.940000 1.443203 1.508738
0.950000 1.444146 1.506829
0.960000 1.445107 1.505004
0.970000 1.446085 1.503259
0.980000 1.447079 1.501594
0.990000 1.448085 1.500006
1.000000 1.449103 1.498494
1.010000 1.450130 1.497055
1.020000 1.451166 1.495688
1.030000 1.452208 1.494392
1.040000 1.453255 1.493163
1.050000 1.454306 1.492001
1.060000 1.455358 1.490903
1.070000 1.456412 1.489867
1.080000 1.457466 1.488893
1.090000 1.458517 1.487978
1.100000 1.459566 1.487120
1.110000 1.460612 1.486317
1.120000 1.461652 1.485568
1.130000 1.462687 1.484872
1.140000 1.463716 1.484226
1.150000 1.464736 1.483628
1.160000 1.465749 1.483078
1.170000 1.466752 1.482573
1.180000 1.467746 1.482112
1.190000 1.468729 1.481694
1.200000 1.469701 1.481316
1.210000 1.470661 1.480978
1.220000 1.471610 1.480678
1.230000 1.472545 1.480413
1.240000 1.473468 1.480184
1.250000 1.474376 1.479989
1.260000 1.475271 1.479825
1.270000 1.476152 1.479693
1.280000 1.477017 1.479589
1.290000 1.477868 1.479515
1.300000 1.478704 1.479467
1.310000 1.479524 1.479444
1.320000 1.480329 1.479447
1.330000 1.481117 1.479472
1.340000 1.481890 1.479520
1.350000 1.482647 1.479589
1.360000 1.483387 1.479678
1.370000 1.484111 1.479786
1.380000 1.484819 1.479912
1.390000 1.485511 1.480055
1.400000 1.486186 1.480214
1.410000 1.486845 1.480388
1.420000 1.487487 1.480576
1.430000 1.488114 1.480778
1.440000 1.488724 1.480991
1.450000 1.489317 1.481216
1.460000 1.489895 1.481452
1.470000 1.490457 1.481698
1.480000 1.491003 1.481953
1.490000 1.491533 1.482217
1.500000 1.492048 1.482488
1.510000 1.492547 1.482767
1.520000 1.493031 1.483052
1.530000 1.493500 1.483342
1.540000 1.493954 1.483638
1.550000 1.494394 1.483939
1.560000 1.494819 1.484243
1.570000 1.495229 1.484551
1.580000 1.495626 1.484862
1.590000 1.496008 1.485176
1.600000 1.496377 1.485491
1.610000 1.496733 1.485808
1.620000 1.497075 1.486126
1.630000 1.497404 1.486445
1.640000 1.497721 1.486764
1.650000 1.498025 1.487084
1.660000 1.498317 1.487402
1.670000 1.498597 1.487720
1.680000 1.498865 1.488037
1.690000 1.499122 1.488352
1.700000 1.499368 1.488666
1.710000 1.499603 1.488978
1.720000 1.499826 1.489287
1.730000 1.500040 1.489594
1.740000 1.500243 1.489898
1.750000 1.500436 1.490200
1.760000 1.500620 1.490498
1.770000 1.500794 1.490793
1.780000 1.500959 1.491084
1.790000 1.501115 1.491372
1.800000 1.501263 1.491655
1.810000 1.501401 1.491935
1.820000 1.501532 1.492211
1.830000 1.501655 1.492482
1.840000 1.501770 1.492750
1.850000 1.501877 1.493012
1.860000 1.501977 1.493271
1.870000 1.502071 1.493524
1.880000 1.502157 1.493773
1.890000 1.502237 1.494017
1.900000 1.502310 1.494257
1.910000 1.502377 1.494491
1.920000 1.502439 1.494721
1.930000 1.502495 1.494946
1.940000 1.502545 1.495166
1.950000 1.502590 1.495381
1.960000 1.502629 1.495590
1.970000 1.502664 1.495795
1.980000 1.502695 1.495996
1.990000 1.502720 1.496191
2.000000 1.502742 1.496381
2.010000 1.502759 1.496566
2.020000 1.502772 1.496746
2.030000 1.502781 1.496922
2.040000 1.502787 1.497093
2.050000 1.502790 1.497259
2.060000 1.502789 1.497420
2.070000 1.502785 1.497576
2.080000 1.502778 1.497728
2.090000 1.502768 1.497875
2.100000 1.502755 1.498017
2.110000 1.502740 1.498155
2.120000 1.502722 1.498289
2.130000 1.502703 1.498418
2.140000 1.502681 1.498543
2.150000 1.502657 1.498663
2.160000 1.502631 1.498780
2.170000 1.502603 1.498892
2.180000 1.502574 1.499000
2.190000 1.502543 1.499104
2.200000 1.502511 1.499204
2.210000 1.502477 1.499300
2.220000 1.502442 1.499393
2.230000 1.502406 1.499482
2.240000 1.502369 1.499567
2.250000 1.502331 1.499649
2.260000 1.502292 1.499727
2.270000 1.502253 1.499801
2.280000 1.502212 1.499873
2.290000 1.502172 1.499941
2.300000 1.502130 1.500006
2.310000 1.502088 1.500068
2.320000 1.502046 1.500127
2.330000 1.502003 1.500183
2.340000 1.501961 1.500236
2.350000 1.501917 1.500286
2.360000 1.501874 1.500333
2.370000 1.501831 1.500378
2.380000 1.501788 1.500421
2.390000 1.501744 1.500460
2.400000 1.501701 1.500498
2.410000 1.501658 1.500533
2.420000 1.501615 1.500566
2.430000 1.501572 1.500596
2.440000 1.501530 1.500625
2.450000 1.501488 1.500651
2.460000 1.501446 1.500675
2.470000 1.501404 1.500698
2.480000 1.501363 1.500718
2.490000 1.501322 1.500737
2.500000 1.501282 1.500754
2.510000 1.501242 1.500769
2.520000 1.501202 1.500783
2.530000 1.501163 1.500795
2.540000 1.501125 1.500806
2.550000 1.501087 1.500815
2.560000 1.501050 1.500823
2.570000 1.501013 1.500830
2.580000 1.500977 1.500835
2.590000 1.500941 1.500839
2.600000 1.500906 1.500842
2.610000 1.500872 1.500844
2.620000 1.500839 1.500845
2.630000 1.500806 1.500845
2.640000 1.500773 1.500844
2.650000 1.500741 1.500842
2.660000 1.500710 1.500839
2.670000 1.500680 1.500835
2.680000 1.500650 1.500830
2.690000 1.500621 1.500825
2.700000 1.500593 1.500819
2.710000 1.500565 1.500813
2.720000 1.500538 1.500806
2.730000 1.500512 1.500798
2.740000 1.500486 1.500789
2.750000 1.500461 1.500781
2.760000 1.500437 1.500771
2.770000 1.500413 1.500762
2.780000 1.500390 1.500751
2.790000 1.500368 1.500741
2.800000 1.500346 1.500730
2.810000 1.500325 1.500719
2.820000 1.500304 1.500707
2.830000 1.500285 1.500696
2.840000 1.500265 1.500684
2.850000 1.500247 1.500671
2.860000 1.500229 1.500659
2.870000 1.500211 1.500647
2.880000 1.500195 1.500634
2.890000 1.500178 1.500621
2.900000 1.500163 1.500608
2.910000 1.500147 1.500595
2.920000 1.500133 1.500582
2.930000 1.500119 1.500569
2.940000 1.500105 1.500556
2.950000 1.500092 1.500543
2.960000 1.500080 1.500530
2.970000 1.500068 1.500517
2.980000 1.500057 1.500504
2.990000 1.500046 1.500491
3.000000 1.500035 1.500478
3.010000 1.500025 1.500465


0.000000 1.000000 1.000000
0.010000 1.019608 1.000000
0.020000 1.038831 1.000571
0.030000 1.057666 1.001685
0.040000 1.076111 1.003316
0.050000 1.094161 1.005436
0.060000 1.111816 1.008020
0.070000 1.129074 1.011044
0.080000 1.145935 1.014481
0.090000 1.162397 1.018310
0.100000 1.178462 1.022507
0.110000 1.194129 1.027049
0.120000 1.209400 1.031916
0.130000 1.224276 1.037085
0.140000 1.238759 1.042537
0.150000 1.252851 1.048252
0.160000 1.266555 1.054212
0.170000 1.279873 1.060396
0.180000 1.292809 1.066789
0.190000 1.305366 1.073372
0.200000 1.317548 1.080129
0.210000 1.329358 1.087044
0.220000 1.340801 1.094102
0.230000 1.351882 1.101287
0.240000 1.362604 1.108586
0.250000 1.372973 1.115985
0.260000 1.382993 1.123470
0.270000 1.392670 1.131029
0.280000 1.402009 1.138649
0.290000 1.411016 1.146320
0.300000 1.419696 1.154030
0.310000 1.428054 1.161768
0.320000 1.436097 1.169523
0.330000 1.443830 1.177288
0.340000 1.451259 1.185051
0.350000 1.458390 1.192805
0.360000 1.465229 1.200540
0.370000 1.471783 1.208250
0.380000 1.478057 1.215925
0.390000 1.484057 1.223560
0.400000 1.489790 1.231147
0.410000 1.495262 1.238681
0.420000 1.500479 1.246154
0.430000 1.505447 1.253562
0.440000 1.510172 1.260898
0.450000 1.514661 1.268158
0.460000 1.518919 1.275338
0.470000 1.522953 1.282433
0.480000 1.526769 1.289438
0.490000 1.530373 1.296351
0.500000 1.533771 1.303167
0.510000 1.536968 1.309884
0.520000 1.539971 1.316498
0.530000 1.542785 1.323007
0.540000 1.545417 1.329408
0.550000 1.547871 1.335699
0.560000 1.550154 1.341879
0.570000 1.552271 1.347945
0.580000 1.554228 1.353897
0.590000 1.556029 1.359732
0.600000 1.557681 1.365449
0.610000 1.559188 1.371048
0.620000 1.560556 1.376528
0.630000 1.561790 1.381888
0.640000 1.562894 1.387128
0.650000 1.563874 1.392247
0.660000 1.564734 1.397246
0.670000 1.565480 1.402124
0.680000 1.566115 1.406882
0.690000 1.566645 1.411520
0.700000 1.567073 1.416038
0.710000 1.567404 1.420437
0.720000 1.567642 1.424718
0.730000 1.567792 1.428881
0.740000 1.567857 1.432927
0.750000 1.567842 1.436857
0.760000 1.567750 1.440672
0.770000 1.567585 1.444373
0.780000 1.567350 1.447962
0.790000 1.567050 1.451439
0.800000 1.566688 1.454806
0.810000 1.566266 1.458065
0.820000 1.565789 1.461217
0.830000 1.565259 1.464262
0.840000 1.564681 1.467204
0.850000 1.564055 1.470043
0.860000 1.563387 1.472781
0.870000 1.562678 1.475420
0.880000 1.561931 1.477962
0.890000 1.561148 1.480408
0.900000 1.560334 1.482759
0.910000 1.559489 1.485019
0.920000 1.558616 1.487188
0.930000 1.557718 1.489268
0.940000 1.556797 1.491262
0.950000 1.555854 1.493171
0.960000 1.554893 1.494996
0.970000 1.553915 1.496741
0.980000 1.552921 1.498406
0.990000 1.551915 1.499994
1.000000 1.550897 1.501506
1.010000 1.549870 1.502945
1.020000 1.548834 1.504312
1.030000 1.547792 1.505608
1.040000 1.546745 1.506837
1.050000 1.545694 1.507999
1.060000 1.544642 1.509097
1.070000 1.543588 1.510133
1.080000 1.542534 1.511107
1.090000 1.541483 1.512022
1.100000 1.540434 1.512880
1.110000 1.539388 1.513683
1.120000 1.538348 1.514432
1.130000 1.537313 1.515128
1.140000 1.536284 1.515774
1.150000 1.535264 1.516372
1.160000 1.534251 1.516922
1.170000 1.533248 1.517427
1.180000 1.532254 1.517888
1.190000 1.531271 1.518306
1.200000 1.530299 1.518684
1.210000 1.529339 1.519022
1.220000 1.528390 1.519322
1.230000 1.527455 1.519587
1.240000 1.526532 1.519816
1.250000 1.525624 1.520011
1.260000 1.524729 1.520175
1.270000 1.523848 1.520307
1.280000 1.522983 1.520411
1.290000 1.522132 1.520485
1.300000 1.521296 1.520533
1.310000 1.520476 1.520556
1.320000 1.519671 1.520553
1.330000 1.518883 1.520528
1.340000 1.518110 1.520480
1.350000 1.517353 1.520411
1.360000 1.516613 1.520322
1.370000 1.515889 1.520214
1.380000 1.515181 1.520088
1.390000 1.514489 1.519945
1.400000 1.513814 1.519786
1.410000 1.513155 1.519612
1.420000 1.512513 1.519424
1.430000 1.511886 1.519222
1.440000 1.511276 1.519009
1.450000 1.510683 1.518784
1.460000 1.510105 1.518548
1.470000 1.509543 1.518302
1.480000 1.508997 1.518047
1.490000 1.508467 1.517783
1.500000 1.507952 1.517512
1.510000 1.507453 1.517233
1.520000 1.506969 1.516948
1.530000 1.506500 1.516658
1.540000 1.506046 1.516362
1.550000 1.505606 1.516061
1.560000 1.505181 1.515757
1.570000 1.504771 1.515449
1.580000 1.504374 1.515138
1.590000 1.503992 1.514824
1.600000 1.503623 1.514509
1.610000 1.503267 1.514192
1.620000 1.502925 1.513874
1.630000 1.502596 1.513555
1.640000 1.502279 1.513236
1.650000 1.501975 1.512916
1.660000 1.501683 1.512598
1.670000 1.501403 1.512280
1.680000 1.501135 1.511963
1.690000 1.500878 1.511648
1.700000 1.500632 1.511334
1.710000 1.500397 1.511022
1.720000 1.500174 1.510713
1.730000 1.499960 1.510406
1.740000 1.499757 1.510102
1.750000 1.499564 1.509800
1.760000 1.499380 1.509502
1.770000 1.499206 1.509207
1.780000 1.499041 1.508916
1.790000 1.498885 1.508628
1.800000 1.498737 1.508345
1.810000 1.498599 1.508065
1.820000 1.498468 1.507789
1.830000 1.498345 1.507518
1.840000 1.498230 1.507250
1.850000 1.498123 1.506988
1.860000 1.498023 1.506729
1.870000 1.497929 1.506476
1.880000 1.497843 1.506227
1.890000 1.497763 1.505983
1.900000 1.497690 1.505743
1.910000 1.497623 1.505509
1.920000 1.497561 1.505279
1.930000 1.497505 1.505054
1.940000 1.497455 1.504834
1.950000 1.497410 1.504619
1.960000 1.497371 1.504410
1.970000 1.497336 1.504205
1.980000 1.497305 1.504004
1.990000 1.497280 1.503809
2.000000 1.497258 1.503619
2.010000 1.497241 1.503434
2.020000 1.497228 1.503254
2.030000 1.497219 1.503078
2.040000 1.497213 1.502907
2.050000 1.497210 1.502741
2.060000 1.497211 1.502580
2.070000 1.497215 1.502424
2.080000 1.497222 1.502272
2.090000 1.497232 1.502125
2.100000 1.497245 1.501983
2.110000 1.497260 1.501845
2.120000 1.497278 1.501711
2.130000 1.497297 1.501582
2.140000 1.497319 1.501457
2.150000 1.497343 1.501337
2.160000 1.497369 1.501220
2.170000 1.497397 1.501108
2.180000 1.497426 1.501000
2.190000 1.497457 1.500896
2.200000 1.497489 1.500796
2.210000 1.497523 1.500700
2.220000 1.497558 1.500607
2.230000 1.497594 1.500518
2.240000 1.497631 1.500433
2.250000 1.497669 1.500351
2.260000 1.497708 1.500273
2.270000 1.497747 1.500199
2.280000 1.497788 1.500127
2.290000 1.497828 1.500059
2.300000 1.497870 1.499994
2.310000 1.497912 1.499932
2.320000 1.497954 1.499873
2.330000 1.497997 1.499817
2.340000 1.498039 1.499764
2.350000 1.498083 1.499714
2.360000 1.498126 1.499667
2.370000 1.498169 1.499622
2.380000 1.498212 1.499579
2.390000 1.498256 1.499540
2.400000 1.498299 1.499502
2.410000 1.498342 1.499467
2.420000 1.498385 1.499434
2.430000 1.498428 1.499404
2.440000 1.498470 1.499375
2.450000 1.498512 1.499349
2.460000 1.498554 1.499325
2.470000 1.498596 1.499302
2.480000 1.498637 1.499282
2.490000 1.498678 1.499263
2.500000 1.498718 1.499246
2.510000 1.498758 1.499231
2.520000 1.498798 1.499217
2.530000 1.498837 1.499205
2.540000 1.498875 1.499194
2.550000 1.498913 1.499185
2.560000 1.498950 1.499177
2.570000 1.498987 1.499170
2.580000 1.499023 1.499165
2.590000 1.499059 1.499161
2.600000 1.499094 1.499158
2.610000 1.499128 1.499156
2.620000 1.499161 1.499155
2.630000 1.499194 1.499155
2.640000 1.499227 1.499156
2.650000 1.499259 1.499158
2.660000 1.499290 1.499161
2.670000 1.499320 1.499165
2.680000 1.499350 1.499170
2.690000 1.499379 1.499175
2.700000 1.499407 1.499181
2.710000 1.499435 1.499187
2.720000 1.499462 1.499194
2.730000 1.499488 1.499202
2.740000 1.499514 1.499211
2.750000 1.499539 1.499219
2.760000 1.499563 1.499229
2.770000 1.499587 1.499238
2.780000 1.499610 1.499249
2.790000 1.499632 1.499259
2.800000 1.499654 1.499270
2.810000 1.499675 1.499281
2.820000 1.499696 1.499293
2.830000 1.499715 1.499304
2.840000 1.499735 1.499316
2.850000 1.499753 1.499329
2.860000 1.499771 1.499341
2.870000 1.499789 1.499353
2.880000 1.499805 1.499366
2.890000 1.499822 1.499379
2.900000 1.499837 1.499392
2.910000 1.499853 1.499405
2.920000 1.499867 1.499418
2.930000 1.499881 1.499431
2.940000 1.499895 1.499444
2.950000 1.499908 1.499457
2.960000 1.499920 1.499470
2.970000 1.499932 1.499483
2.980000 1.499943 1.499496
2.990000 1.499954 1.499509
3.000000 1.499965 1.499522
3.010000 1.499975 1.499535


0.000000 2.000000 1.000000
0.010000 2.000000 1.029126
0.020000 1.999429 1.057404
0.030000 1.998315 1.084842
0.040000 1.996684 1.111448
0.050000 1.994564 1.137231
0.060000 1.991980 1.162202
0.070000 1.988956 1.186370
0.080000 1.985519 1.209747
0.090000 1.981690 1.232342
0.100000 1.977493 1.254168
0.110000 1.972951 1.275235
0.120000 1.968084 1.295557
0.130000 1.962915 1.315145
0.140000 1.957463 1.334012
0.150000 1.951748 1.352171
0.160000 1.945788 1.369635
0.170000 1.939604 1.386416
0.180000 1.933211 1.402528
0.190000 1.926628 1.417985
0.200000 1.919871 1.432800
0.210000 1.912956 1.446986
0.220000 1.905898 1.460558
0.230000 1.898713 1.473529
0.240000 1.891414 1.485913
0.250000 1.884015 1.497724
0.260000 1.876530 1.508975
0.270000 1.868971 1.519681
0.280000 1.861351 1.529854
0.290000 1.853680 1.539509
0.300000 1.845970 1.548660
0.310000 1.838232 1.557319
0.320000 1.830477 1.565501
0.330000 1.822712 1.573219
0.340000 1.814949 1.580486
0.350000 1.807195 1.587315
0.360000 1.799460 1.593719
0.370000 1.791750 1.599712
0.380000 1.784075 1.605305
0.390000 1.776440 1.610512
0.400000 1.768853 1.615345
0.410000 1.761319 1.619816
0.420000 1.753846 1.623937
0.430000 1.746438 1.627721
0.440000 1.739102 1.631179
0.450000 1.731842 1.634322
0.460000 1.724662 1.637163
0.470000 1.717567 1.639711
0.480000 1.710562 1.641979
0.490000 1.703649 1.643976
0.500000 1.696833 1.645714
0.510000 1.690116 1.647203
0.520000 1.683502 1.648453
0.530000 1.676993 1.649474
0.540000 1.670592 1.650276
0.550000 1.664301 1.650867
0.560000 1.658121 1.651259
0.570000 1.652055 1.651458
0.580000 1.646103 1.651476
0.590000 1.640268 1.651319
0.600000 1.634551 1.650997
0.610000 1.628952 1.650518
0.620000 1.623472 1.649890
0.630000 1.618112 1.649121
0.640000 1.612872 1.648218
0.650000 1.607753 1.647188
0.660000 1.602754 1.646040
0.670000 1.597876 1.644779
0.680000 1.593118 1.643413
0.690000 1.588480 1.641948
0.700000 1.583962 1.640391
0.710000 1.579563 1.638747
0.720000 1.575282 1.637023
0.730000 1.571119 1.635225
0.740000 1.567073 1.633358
0.750000 1.563143 1.631427
0.760000 1.559328 1.629438
0.770000 1.555627 1.627396
0.780000 1.552038 1.625306
0.790000 1.548561 1.623172
0.800000 1.545194 1.620999
0.810000 1.541935 1.618791
0.820000 1.538783 1.616552
0.830000 1.535738 1.614287
0.840000 1.532796 1.611999
0.850000 1.529957 1.609692
0.860000 1.527219 1.607370
0.870000 1.524580 1.605036
0.880000 1.522038 1.602692
0.890000 1.519592 1.600343
0.900000 1.517241 1.597991
0.910000 1.514981 1.595639
0.920000 1.512812 1.593290
0.930000 1.510732 1.590946
0.940000 1.508738 1.588609
0.950000 1.506829 1.586283
0.960000 1.505004 1.583969
0.970000 1.503259 1.581669
0.980000 1.501594 1.579385
0.990000 1.500006 1.577119
1.000000 1.498494 1.574873
1.010000 1.497055 1.572649
1.020000 1.495688 1.570447
1.030000 1.494392 1.568270
1.040000 1.493163 1.566118
1.050000 1.492001 1.563993
1.060000 1.490903 1.561896
1.070000 1.489867 1.559828
1.080000 1.488893 1.557791
1.090000 1.487978 1.555784
1.100000 1.487120 1.553809
1.110000 1.486317 1.551867
1.120000 1.485568 1.549957
1.130000 1.484872 1.548082
1.140000 1.484226 1.546241
1.150000 1.483628 1.544435
1.160000 1.483078 1.542664
1.170000 1.482573 1.540928
1.180000 1.482112 1.539228
1.190000 1.481694 1.537565
1.200000 1.481316 1.535937
1.210000 1.480978 1.534347
1.220000 1.480678 1.532792
1.230000 1.480413 1.531274
1.240000 1.480184 1.529793
1.250000 1.479989 1.528348
1.260000 1.479825 1.526939
1.270000 1.479693 1.525567
1.280000 1.479589 1.524231
1.290000 1.479515 1.522931
1.300000 1.479467 1.521666
1.310000 1.479444 1.520437
1.320000 1.479447 1.519243
1.330000 1.479472 1.518084
1.340000 1.479520 1.516959
1.350000 1.479589 1.515869
1.360000 1.479678 1.514812
1.370000 1.479786 1.513789
1.380000 1.479912 1.512799
1.390000 1.480055 1.511841
1.400000 1.480214 1.510915
1.410000 1.480388 1.510021
1.420000 1.480576 1.509158
1.430000 1.480778 1.508325
1.440000 1.480991 1.507523
1.450000 1.481216 1.506750
1.460000 1.481452 1.506006
1.470000 1.481698 1.505291
1.480000 1.481953 1.504604
1.490000 1.482217 1.503944
1.500000 1.482488 1.503311
1.510000 1.482767 1.502705
1.520000 1.483052 1.502124
1.530000 1.483342 1.501569
1.540000 1.483638 1.501038
1.550000 1.483939 1.500531
1.560000 1.484243 1.500048
1.570000 1.484551 1.499587
1.580000 1.484862 1.499150
1.590000 1.485176 1.498733
1.600000 1.485491 1.498338
1.610000 1.485808 1.497964
1.620000 1.486126 1.497610
1.630000 1.486445 1.497276
1.640000 1.486764 1.496960
1.650000 1.487084 1.496663
1.660000 1.487402 1.496384
1.670000 1.487720 1.496123
1.680000 1.488037 1.495878
1.690000 1.488352 1.495650
1.700000 1.488666 1.495437
1.710000 1.488978 1.495240
1.720000 1.489287 1.495057
1.730000 1.489594 1.494889
1.740000 1.489898 1.494735
1.750000 1.490200 1.494594
1.760000 1.490498 1.494466
1.770000 1.490793 1.494351
1.780000 1.491084 1.494247
1.790000 1.491372 1.494155
1.800000 1.491655 1.494074
1.810000 1.491935 1.494003
1.820000 1.492211 1.493943
1.830000 1.492482 1.493893
1.840000 1.492750 1.493852
1.850000 1.493012 1.493820
1.860000 1.493271 1.493796
1.870000 1.493524 1.493781
1.880000 1.493773 1.493773
1.890000 1.494017 1.493773
1.900000 1.494257 1.493780
1.910000 1.494491 1.493794
1.920000 1.494721 1.493815
1.930000 1.494946 1.493841
1.940000 1.495166 1.493873
1.950000 1.495381 1.493911
1.960000 1.495590 1.493954
1.970000 1.495795 1.494001
1.980000 1.495996 1.494054
1.990000 1.496191 1.494110
2.000000 1.496381 1.494171
2.010000 1.496566 1.494235
2.020000 1.496746 1.494303
2.030000 1.496922 1.494374
2.040000 1.497093 1.494448
2.050000 1.497259 1.494525
2.060000 1.497420 1.494605
2.070000 1.497576 1.494687
2.080000 1.497728 1.494771
2.090000 1.497875 1.494857
2.100000 1.498017 1.494945
2.110000 1.498155 1.495035
2.120000 1.498289 1.495125
2.130000 1.498418 1.495218
2.140000 1.498543 1.495311
2.150000 1.498663 1.495405
2.160000 1.498780 1.495500
2.170000 1.498892 1.495595
2.180000 1.499000 1.495691
2.190000 1.499104 1.495788
2.200000 1.499204 1.495884
2.210000 1.499300 1.495981
2.220000 1.499393 1.496078
2.230000 1.499482 1.496174
2.240000 1.499567 1.496271
2.250000 1.499649 1.496367
2.260000 1.499727 1.496462
2.270000 1.499801 1.496557
2.280000 1.499873 1.496652
2.290000 1.499941 1.496746
2.300000 1.500006 1.496839
2.310000 1.500068 1.496931
2.320000 1.500127 1.497022
2.330000 1.500183 1.497113
2.340000 1.500236 1.497202
2.350000 1.500286 1.497290
2.360000 1.500333 1.497378
2.370000 1.500378 1.497464
2.380000 1.500421 1.497549
2.390000 1.500460 1.497632
2.400000 1.500498 1.497715
2.410000 1.500533 1.497796
2.420000 1.500566 1.497875
2.430000 1.500596 1.497954
2.440000 1.500625 1.498031
2.450000 1.500651 1.498106
2.460000 1.500675 1.498180
2.470000 1.500698 1.498253
2.480000 1.500718 1.498324
2.490000 1.500737 1.498394
2.500000 1.500754 1.498462
2.510000 1.500769 1.498529
2.520000 1.500783 1.498594
2.530000 1.500795 1.498658
2.540000 1.500806 1.498720
2.550000 1.500815 1.498781
2.560000 1.500823 1.498840
2.570000 1.500830 1.498898
2.580000 1.500835 1.498954
2.590000 1.500839 1.499009
2.600000 1.500842 1.499062
2.610000 1.500844 1.499114
2.620000 1.500845 1.499165
2.630000 1.500845 1.499214
2.640000 1.500844 1.499261
2.650000 1.500842 1.499307
2.660000 1.500839 1.499352
2.670000 1.500835 1.499395
2.680000 1.500830 1.499437
2.690000 1.500825 1.499478
2.700000 1.500819 1.499517
2.710000 1.500813 1.499555
2.720000 1.500806 1.499592
2.730000 1.500798 1.499627
2.740000 1.500789 1.499661
2.750000 1.500781 1.499694
2.760000 1.500771 1.499726
2.770000 1.500762 1.499756
2.780000 1.500751 1.499785
2.790000 1.500741 1.499813
2.800000 1.500730 1.499840
2.810000 1.500719 1.499866
2.820000 1.500707 1.499891
2.830000 1.500696 1.499915
2.840000 1.500684 1.499938
2.850000 1.500671 1.499959
2.860000 1.500659 1.499980
2.870000 1.500647 1.500000
2.880000 1.500634 1.500019
2.890000 1.500621 1.500037
2.900000 1.500608 1.500054
2.910000 1.500595 1.500070
2.920000 1.500582 1.500085
2.930000 1.500569 1.500100
2.940000 1.500556 1.500113
2.950000 1.500543 1.500126
2.960000 1.500530 1.500138
2.970000 1.500517 1.500150
2.980000 1.500504 1.500160
2.990000 1.500491 1.500170
3.000000 1.500478 1.500180
3.010000 1.500465 1.500188


0.000000 1.000000 2.000000
0.010000 1.000000 1.970874
0.020000 1.000571 1.942596
0.030000 1.001685 1.915158
0.040000 1.003316 1.888552
0.050000 1.005436 1.862769
0.060000 1.008020 1.837798
0.070000 1.011044 1.813630
0.080000 1.014481 1.790253
0.090000 1.018310 1.767658
0.100000 1.022507 1.745832
0.110000 1.027049 1.724765
0.120000 1.031916 1.704443
0.130000 1.037085 1.684855
0.140000 1.042537 1.665988
0.150000 1.048252 1.647829
0.160000 1.054212 1.630365
0.170000 1.060396 1.613584
0.180000 1.066789 1.597472
0.190000 1.073372 1.582015
0.200000 1.080129 1.567200
0.210000 1.087044 1.553014
0.220000 1.094102 1.539442
0.230000 1.101287 1.526471
0.240000 1.108586 1.514087
0.250000 1.115985 1.502276
0.260000 1.123470 1.491025
0.270000 1.131029 1.480319
0.280000 1.138649 1.470146
0.290000 1.146320 1.460491
0.300000 1.154030 1.451340
0.310000 1.161768 1.442681
0.320000 1.169523 1.434499
0.330000 1.177288 1.426781
0.340000 1.185051 1.419514
0.350000 1.192805 1.412685
0.360000 1.200540 1.406281
0.370000 1.208250 1.400288
0.380000 1.215925 1.394695
0.390000 1.223560 1.389488
0.400000 1.231147 1.384655
0.410000 1.238681 1.380184
0.420000 1.246154 1.376063
0.430000 1.253562 1.372279
0.440000 1.260898 1.368821
0.450000 1.268158 1.365678
0.460000 1.275338 1.362837
0.470000 1.282433 1.360289
0.480000 1.289438 1.358021
0.490000 1.296351 1.356024
0.500000 1.303167 1.354286
0.510000 1.309884 1.352797
0.520000 1.316498 1.351547
0.530000 1.323007 1.350526
0.540000 1.329408 1.349724
0.550000 1.335699 1.349133
0.560000 1.341879 1.348741
0.570000 1.347945 1.348542
0.580000 1.353897 1.348524
0.590000 1.359732 1.348681
0.600000 1.365449 1.349003
0.610000 1.371048 1.349482
0.620000 1.376528 1.350110
0.630000 1.381888 1.350879
0.640000 1.387128 1.351782
0.650000 1.392247 1.352812
0.660000 1.397246 1.353960
0.670000 1.402124 1.355221
0.680000 1.406882 1.356587
0.690000 1.411520 1.358052
0.700000 1.416038 1.359609
0.710000 1.420437 1.361253
0.720000 1.424718 1.362977
0.730000 1.428881 1.364775
0.740000 1.432927 1.366642
0.750000 1.436857 1.368573
0.760000 1.440672 1.370562
0.770000 1.444373 1.372604
0.780000 1.447962 1.374694
0.790000 1.451439 1.376828
0.800000 1.454806 1.379001
0.810000 1.458065 1.381209
0.820000 1.461217 1.383448
0.830000 1.464262 1.385713
0.840000 1.467204 1.388001
0.850000 1.470043 1.390308
0.860000 1.472781 1.392630
0.870000 1.475420 1.394964
0.880000 1.477962 1.397308
0.890000 1.480408 1.399657
0.900000 1.482759 1.402009
0.910000 1.485019 1.404361
0.920000 1.487188 1.406710
0.930000 1.489268 1.409054
0.940000 1.491262 1.411391
0.950000 1.493171 1.413717
0.960000 1.494996 1.416031
0.970000 1.496741 1.418331
0.980000 1.498406 1.420615
0.990000 1.499994 1.422881
1.000000 1.501506 1.425127
1.010000 1.502945 1.427351
1.020000 1.504312 1.429553
1.030000 1.505608 1.431730
1.040000 1.506837 1.433882
1.050000 1.507999 1.436007
1.060000 1.509097 1.438104
1.070000 1.510133 1.440172
1.080000 1.511107 1.442209
1.090000 1.512022 1.444216
1.100000 1.512880 1.446191
1.110000 1.513683 1.448133
1.120000 1.514432 1.450043
1.130000 1.515128 1.451918
1.140000 1.515774 1.453759
1.150000 1.516372 1.455565
1.160000 1.516922 1.457336
1.170000 1.517427 1.459072
1.180000 1.517888 1.460772
1.190000 1.518306 1.462435
1.200000 1.518684 1.464063
1.210000 1.519022 1.465653
1.220000 1.519322 1.467208
1.230000 1.519587 1.468726
1.240000 1.519816 1.470207
1.250000 1.520011 1.471652
1.260000 1.520175 1.473061
1.270000 1.520307 1.474433
1.280000 1.520411 1.475769
1.290000 1.520485 1.477069
1.300000 1.520533 1.478334
1.310000 1.520556 1.479563
1.320000 1.520553 1.480757
1.330000 1.520528 1.481916
1.340000 1.520480 1.483041
1.350000 1.520411 1.484131
1.360000 1.520322 1.485188
1.370000 1.520214 1.486211
1.380000 1.520088 1.487201
1.390000 1.519945 1.488159
1.400000 1.519786 1.489085
1.410000 1.519612 1.489979
1.420000 1.519424 1.490842
1.430000 1.519222 1.491675
1.440000 1.519009 1.492477
1.450000 1.518784 1.493250
1.460000 1.518548 1.493994
1.470000 1.518302 1.494709
1.480000 1.518047 1.495396
1.490000 1.517783 1.496056
1.500000 1.517512 1.496689
1.510000 1.517233 1.497295
1.520000 1.516948 1.497876
1.530000 1.516658 1.498431
1.540000 1.516362 1.498962
1.550000 1.516061 1.499469
1.560000 1.515757 1.499952
1.570000 1.515449 1.500413
1.580000 1.515138 1.500850
1.590000 1.514824 1.501267
1.600000 1.514509 1.501662
1.610000 1.514192 1.502036
1.620000 1.513874 1.502390
1.630000 1.513555 1.502724
1.640000 1.513236 1.503040
1.650000 1.512916 1.503337
1.660000 1.512598 1.503616
1.670000 1.512280 1.503877
1.680000 1.511963 1.504122
1.690000 1.511648 1.504350
1.700000 1.511334 1.504563
1.710000 1.511022 1.504760
1.720000 1.510713 1.504943
1.730000 1.510406 1.505111
1.740000 1.510102 1.505265
1.750000 1.509800 1.505406
1.760000 1.509502 1.505534
1.770000 1.509207 1.505649
1.780000 1.508916 1.505753
1.790000 1.508628 1.505845
1.800000 1.508345 1.505926
1.810000 1.508065 1.505997
1.820000 1.507789 1.506057
1.830000 1.507518 1.506107
1.840000 1.507250 1.506148
1.850000 1.506988 1.506180
1.860000 1.506729 1.506204
1.870000 1.506476 1.506219
1.880000 1.506227 1.506227
1.890000 1.505983 1.506227
1.900000 1.505743 1.506220
1.910000 1.505509 1.506206
1.920000 1.505279 1.506185
1.930000 1.505054 1.506159
1.940000 1.504834 1.506127
1.950000 1.504619 1.506089
1.960000 1.504410 1.506046
1.970000 1.504205 1.505999
1.980000 1.504004 1.505946
1.990000 1.503809 1.505890
2.000000 1.503619 1.505829
2.010000 1.503434 1.505765
2.020000 1.503254 1.505697
2.030000 1.503078 1.505626
2.040000 1.502907 1.505552
2.050000 1.502741 1.505475
2.060000 1.502580 1.505395
2.070000 1.502424 1.505313
2.080000 1.502272 1.505229
2.090000 1.502125 1.505143
2.100000 1.501983 1.505055
2.110000 1.501845 1.504965
2.120000 1.501711 1.504875
2.130000 1.501582 1.504782
2.140000 1.501457 1.504689
2.150000 1.501337 1.504595
2.160000 1.501220 1.504500
2.170000 1.501108 1.504405
2.180000 1.501000 1.504309
2.190000 1.500896 1.504212
2.200000 1.500796 1.504116
2.210000 1.500700 1.504019
2.220000 1.500607 1.503922
2.230000 1.500518 1.503826
2.240000 1.500433 1.503729
2.250000 1.500351 1.503633
2.260000 1.500273 1.503538
2.270000 1.500199 1.503443
2.280000 1.500127 1.503348
2.290000 1.500059 1.503254
2.300000 1.499994 1.503161
2.310000 1.499932 1.503069
2.320000 1.499873 1.502978
2.330000 1.499817 1.502887
2.340000 1.499764 1.502798
2.350000 1.499714 1.502710
2.360000 1.499667 1.502622
2.370000 1.499622 1.502536
2.380000 1.499579 1.502451
2.390000 1.499540 1.502368
2.400000 1.499502 1.502285
2.410000 1.499467 1.502204
2.420000 1.499434 1.502125
2.430000 1.499404 1.502046
2.440000 1.499375 1.501969
2.450000 1.499349 1.501894
2.460000 1.499325 1.501820
2.470000 1.499302 1.501747
2.480000 1.499282 1.501676
2.490000 1.499263 1.501606
2.500000 1.499246 1.501538
2.510000 1.499231 1.501471
2.520000 1.499217 1.501406
2.530000 1.499205 1.501342
2.540000 1.499194 1.501280
2.550000 1.499185 1.501219
2.560000 1.499177 1.501160
2.570000 1.499170 1.501102
2.580000 1.499165 1.501046
2.590000 1.499161 1.500991
2.600000 1.499158 1.500938
2.610000 1.499156 1.500886
2.620000 1.499155 1.500835
2.630000 1.499155 1.500786
2.640000 1.499156 1.500739
2.650000 1.499158 1.500693
2.660000 1.499161 1.500648
2.670000 1.499165 1.500605
2.680000 1.499170 1.500563
2.690000 1.499175 1.500522
2.700000 1.499181 1.500483
2.710000 1.499187 1.500445
2.720000 1.499194 1.500408
2.730000 1.499202 1.500373
2.740000 1.499211 1.500339
2.750000 1.499219 1.500306
2.760000 1.499229 1.500274
2.770000 1.499238 1.500244
2.780000 1.499249 1.500215
2.790000 1.499259 1.500187
2.800000 1.499270 1.500160
2.810000 1.499281 1.500134
2.820000 1.499293 1.500109
2.830000 1.499304 1.500085
2.840000 1.499316 1.500062
2.850000 1.499329 1.500041
2.860000 1.499341 1.500020
2.870000 1.499353 1.500000
2.880000 1.499366 1.499981
2.890000 1.499379 1.499963
2.900000 1.499392 1.499946
2.910000 1.499405 1.499930
2.920000 1.499418 1.499915
2.930000 1.499431 1.499900
2.940000 1.499444 1.499887
2.950000 1.499457 1.499874
2.960000 1.499470 1.499862
2.970000 1.499483 1.499850
2.980000 1.499496 1.499840
2.990000 1.499509 1.499830
3.000000 1.499522 1.499820
3.010000 1.499535 1.499812


